13501617659
13472878253
13162249964
13661852721
13381999682
13611686559
13801952342
13472838755
13022132070
13022161400
13817322503
13801873512
13901802472
13916308875
13702943511
13702943511
13702320396
13801684490
13774271501
13901939049
13801713041
13003292521
13311787578
13386120276
13701700643
13311775556
13636429919
13482208628
13916877309
13818420515
13582208628
13601679018
13917962677
13916541825
13651939558
13127569172
13918595136
13818663443
13816816257
13774217746
13817871053
13901776313
13916073610
13621743178
13044687845
15821144101
18901609078
13301806152
13816128543
15001922827
13901899677
13012895599
15901643889
13661740453
13564349848
13809052886
13701801632
13661637898
13774369136
13801954773
13585647977
13816617301
13661758687
13585794182
15800932608
13020175239
13901874526
13818089999
13701421759
13061699043
13916767741
13764820608
13816537330
13901676371
13818122037
13816630355
18916043536
15921640734
13661559612
13901877063
13916909377
13917619303
13761026665
13901755434
13585860700
13918133221
13023100143
13818531875
13801975982
13564682341
13003266880
13611718427
13311756631
13127650333
13301779666
13818261316
13621702464
13585523509
13916711315
13321848056
13916924819
15921264564
13816529140
13916608305
13701970993
13311801196
13061633756
13818794111
13524838399
13816234936
13916043384
13636615131
15902134774
13901774985
13901708881
13524684885
13671801560
13661777513
15801910376
13816321957
13761330115
13052007023
13818895306
13311838985
15900632329
15821253325
13371980457
13917993502
15821088959
13901856481
13248152350
13901856481
13061601018
13052028335
13052082335
13813203755
13311820580
13501925784
13901841980
13402029506
13386068755
13818060537
13918982088
13917736286
13386063633
13651685141
13003199780
15800532550
13651695368
13917341896
13122148681
13917390919
15900901303
13501793360
13311946368
13816941316
13918180661
13916189810
15821316051
13023195330
13818282067
13817503852
13621612086
13621803578
13585628877
13816821252
13564197280
13301750936
13681820821
13311993050
13901843283
13818433949
13601950922
13916179752
13012881330
13621859753
13524974170
13162284185
13801886462
15821661945
13801751301
15026679859
13205157703
13405122781
13917479307
13564155766
13022108123
13701954033
13301805573
13386286969
13918099023
13761303104
13524860660
13701647444
13501764878
13818345198
13817216545
13817368745
13912656886
13816909581
13012875100
13167287852
13901616435
13818473503
13918054506
13801627534
13701975057
13167271200
13818630800
13917081630
13621843588
13601964801
13601964801
15901757755
13512115568
13391292461
13816365118
15001993719
13162213411
13764931458
13636323180
13621772847
13774289731
13817996039
13386099685
13916262702
13024188588
15026519856
13661529069
13761468168
13524805718
13564759560
13651654109
13501828505
13761595343
13681611906
13801797577
15000969278
13761659863
13901844179
13818921736
13621910758
13901680452
13621910758
15721107068
13901680452
13671861936
13917077983
13817528679
15000531146
13817528697
13501863742
15001878789
13564173859
13774310925
13651822582
13818790524
13564146925
13636304196
15800671214
13610024861
13761136808
15802102002
13032147084
13761265051
18916059502
13641716881
13761265051
13764326432
13916020228
13817818421
13041666229
13651671175
13023280842
13821123135
13916712420
13918046384
13701607323
13817828690
13879356224
13764527667
15802185733
13917274491
13331925189
13564305866
13621837047
13020177660
18918178830
13661835078
18917115747
13601816604
13621797398
13391043215
13801659378
13918878632
13127557889
13918230498
13564116338
13917554300
13601702939
13482353346
13122604881
13601952908
13651776268
13761995355
13661723038
13901952608
13901715674
13122319138
13701847860
13167081515
13651878996
13501938973
13587859200
13120600112
13661995922
18916577970
13301676119
13918545871
13225789989
13621985738
15000533361
13120511811
13761377720
13321890780
13651870835
13816205890
13311906762
13916017418
13916319597
13671763198
13801765016
13764998154
13901714554
13817513049
13918633950
13916216295
13524923812
13774351257
13817636734
15301607089
13166267036
13701791877
13621838845
13512190866
13918314954
13916931424
13606107159
15162966919
13003127530
13916878443
13003133292
13003171685
13301855168
13918819259
15026912891
13801691789
13701807186
13062719098
13816808282
13370296621
13916794165
15221997580
13681938813
13501953930
13391111050
13801738081
18939792547
13795338238
13501883642
13311946368
13816758515
13611601327
13817866826
13801916179
13916705084
13816658726
13816456313
15900703551
13917469778
13651737954
13611902380
13916514956
13817544629
13917122576
13918799172
13918254678
15900865950
13601730703
13601684004
13701920247
13381938909
13916873435
13671846940
15221316850
13701837717
18918041112
13901802868
13916103689
13482583429
13601787947
13817152843
13788984884
13501799053
13816402235
13817127537
13916696170
13611697503
15921091702
13166457105
13651924165
13795403857
13601607969
13767153367
13761651225
13621835503
13321931463
13917206403
15214383757
13764031395
13482813352
13916625908
15802192821
13621764344
13901855548
13405584396
13801840612
15800955922
13901699040
13310101687
13701636878
13032141129
13916027136
18939829100
13391117370
13916698628
13585548523
13801700806
13651630664
13817668326
13916642209
13681804824
13391111885
13162257303
13381783072
13818178112
13916626414
13564552162
13601686241
13003173929
13901830533
13601699503
13918377055
13918053337
13310101687
13482893959
13564626351
13916666390
18901961955
13661815829
13917785291
13761662016
13391119586
13641801629
13636603383
13564393658
13917965390
18918030070
13661687486
13122770510
13061661160
13641692719
13611672868
13774341821
13916797588
15021179327
13817290718
13621867165
13681804554
13761001478
13651808176
13641779032
18916027281
13381738918
13381678581
13916130902
13901735093
13501939529
13801673766
13601729035
13901608351
18918581865
13817785188
13816129392
13661988001
13311696955
13801866191
13611682325
13917648892
13764189701
13818825508
13818399651
13482178731
13611718917
18917090879
13917378972
13331877596
13651697708
13916168193
13917116338
13122395404
13818855058
15901955490
13916750708
13052454368
13524078454
18915966301
18918617566
13852209856
18939819719
13044110137
18918630026
13636433202
13817511113
13564609236
13601788713
18918978571
13501643897
15800538893
15821033375
13917224617
13162282339
13301688103
15221763346
13512151235
18964822518
13167166750
13501620203
18916132783
13186782170
18918904749
13917670536
13713632100
13162287058
13671771691
13816885767
13524693988
13761100257
13046619557
13311713770
13621808398
13816099894
13817243418
13816341673
13901709575
13671861456
13818338401
13564030633
13621753797
13901888057
13901820650
13365552989
13901837449
13918222495
13482337332
13501710996
13331955158
13917745235
13910002530
13701968630
18917019931
13801917084
13585633272
15821566041
13501746457
13524352345
13228842413
13816011713
13601680918
13817662585
13585681614
13501887416
13621956829
15921521541
13301823906
13501736221
13524481156
13817039376
13611967614
13381685083
13774496759
13671567908
13761422336
13661575387
13901624155
13901634155
13801672568
13901806773
13524296003
13901774353
15921008207
13611872857
13801989470
13764506507
15902136259
13801789312
13764652473
13482877781
13311850995
13020127161
13564321965
13621860558
13916186008
13564372695
13795317963
13701433498
13601471289
13951178556
13671858060
13501964794
13585793790
13916955635
13817255889
13701925648
13501682006
13818720271
13918332003
13918388223
13585903771
13917289089
13764365753
13916376802
13621656201
15901793318
13917799882
13065597177
13816282184
13661668901
13918715266
13601613000
13918806620
13361983930
13764680523
13917578356
13918822669
13641696928
15800568904
13681803819
13816365118
13611843285
13918400813
13917051407
13801821078
18930333737
13901870459
13916364142
18930967323
13482072221
13817539636
18918594496
13611855580
18917313161
13502029372
15000516737
13917625766
13395787797
13862660036
13967075011
13611976215
13818305519
13795272381
13717782697
13916274350
13585957229
15901904683
13916477367
13585868817
13817302953
13917615233
13661829872
13162788331
15802146505
13918055003
13003188669
13701637277
13597639055
13564388300
13817790603
13950919625
13816092710
13918061661
13917416277
13353386186
18968915890
15201999205
13918324471
13032135374
13901724558
18930297319
13901698392
13701999602
13818826930
13040668655
13042116569
13641746447
13062600233
18930618049
18964727861
13918582709
13701767842
13818060879
13301797219
13564100814
13611970184
13986725063
13917895957
13564217785
13559867981
13459943275
13918471220
13764063900
18939864733
13801873796
13917167509
13870213332
13979237386
13641950796
13651644338
15901900068
13922023570
13764135377
13341774663
13585625262
15821721583
15202184037
15821721583
15202184037
15000348339
13816502096
13816396830
13701616853
13918687459
13817864660
13817386116
13918220294
13917673073
13761376936
13801683526
13701616154
13901885981
13585644941
13801909005
15901686088
13501981916
13601983853
13032110902
13391198527
13341801657
13564063312
13651883884
13774493402
13901771106
13605201557
13852137258
13801800377
13611662147
13918617008
13701981510
13761006277
13371877270
13916511123
13816515611
15900755520
13801762437
13817010341
13661807861
13816639566
15026646640
15021677617
13801760504
13651789602
15821866962
13916747253
13917694699
13310022342
18916206228
13706738619
13601654545
13901792391
13564070476
13801954676
13917625766
13817699274
13916719643
15821260832